[SPINDLE_9]
P = 2853.000
I = 1.000
D = 0.430
FF0 = 1.330
FF1 = 0.010
FF2 = 0.010
BIAS = 2500
DEADBAND = 0
MAX_OUTPUT = 5000

SPINOUT_MINLIM=0
SPINOUT_MAXLIM=5000
SPINOUT_SCALEMAX=5000  
SPINOUT_ZERO_OFFSET=2500

GEAR_RATIO_LOW=1
GEAR_RATIO_HIGH=0.33333
GEAR_LOW_MAX_SPEED=41.66667

RAMP_MAXV=25

# RPS (50 rpm / 60 = 0.833)
SPINDLE_SPEED_MAX_ERROR=1.333
ORIENT_POS_MAX_ERROR=0.01
ORIENT_OFFSET=10

ENCODER_SCALE=10000
#ENCODER_SCALE=27.77777777778

GEAR_RATIO_LOW=1
GEAR_RATIO_HIGH=0.33333333
GEAR_LOW_MAX_SPEED=2500